

595 169 141 114 278 100 361 221 336 185 130 182 130 341 287 340 139 215 106 161 294 329 297 179 130 187 128 329 148 164 149 169 139 165 135 175 
489 180 129 332 142 173 288 335 292 188 124 187 127 336 290 335 169 147 139 170 290 343 282 189 128 186 129 338 168 136 146 168 139 161 133 181 
490 174 133 204 210 166 298 336 286 185 130 185 127 338 287 338 140 203 138 154 281 336 287 191 120 188 126 340 138 174 142 171 134 177 119 188 
481 184 123 342 150 169 284 336 285 189 123 190 122 341 290 338 134 174 138 202 264 340 282 189 124 189 124 339 137 177 137 173 135 177 119 190 
479 181 126 334 143 173 288 336 290 190 124 186 125 334 308 355 176 134 116 168 286 347 283 185 123 189 124 339 136 178 137 177 128 237 188 
481 187 123 336 168 155 289 338 276 190 119 189 120 369 273 336 131 173 136 178 282 383 260 180 247 123 336 138 173 137 219 99 180 114 184 
483 184 120 341 137 211 265 365 249 189 120 194 119 378 262 403 174 137 175 283 343 300 200 101 198 115 336 137 179 137 174 156 168 120 178 
504 161 118 342 134 217 260 402 216 185 122 190 124 341 298 411 170 137 176 279 346 298 181 127 197 109 338 140 171 138 180 129 175 123 189 
475 188 122 341 135 179 284 339 288 189 123 198 118 335 290 337 138 176 143 169 287 338 287 193 118 192 124 343 133 178 137 175 129 179 121 188 
477 185 121 340 138 179 284 394 247 183 116 189 124 345 279 343 136 174 137 183 279 352 276 189 122 190 124 369 133 147 142 176 130 175 119 195 
472 187 124 342 136 175 284 347 280 190 122 188 125 339 288 338 137 179 137 173 286 342 282 192 124 192 118 344 135 201 138 153 130 214  87 186 
475 187 129 334 136 178 284 343 284 190 122 189 123 343 284 341 136 176 138 177 281 349 277 195 120 192 120 340 139 174 136 204 134 158 112 191 
475 191 114 347 135 172 288 343 287 190 120 191 120 339 285 340 138 176 140 174 286 341 283 190 125 191 119 337 146 174 133 179 131 205 119 168 
474 187 120 339 143 171 285 343 280 191 123 192 122 341 281 342 138 177 141 175 282 345 281 195 119 189 123 341 132 183 135 178 128 178 119 215 
456 183 121 345 132 175 288 339 284 195 117 193 122 340 284 344 134 188 127 177 283 343 284 192 120 190 122 342 135 186 132 174 129 180 120 188 
486 181 120 341 135 178 281 345 281 193 121 198 116 344 280 344 133 177 137 176 285 344 280 197 119 193 119 344 134 174 135 183 129 175 121 195 
472 197 125 335 158 151 289 338 280 191 121 203 124 369 276 334 113 177 135 175 284 345 282 189 125 189 121 344 132 178 138 174 131 177 124 191 
475 192 116 343 133 178 284 343 282 192 122 191 119 346 304 323 134 176 135 178 282 346 280 190 124 189 123 340 138 176 136 178 136 169 122 194 
474 187 120 341 164 156 280 340 284 191 123 194 116 343 282 345 134 180 135 173 288 341 282 192 120 456 211 127 181 129 183 123 183 118 189 
476 190 119 341 133 180 295 339 314 227 188 115 342 282 342 137 175 136 181 291 335 283 190 120 194 121 347 125 182 135 180 330 110 183 
549 117 114 340 137 175 285 349 282 188 119 194 118 341 290 340 131 181 136 178 281 341 287 190 120 194 119 343 132 180 137 176 131 180 118 190 
477 191 114 346 134 178 283 345 287 199 109 202 114 341 281 345 134 177 134 182 281 342 283 194 119 192 123 341 133 180 133 179 130 179 117 195 
472 188 119 347 137 172 285 346 278 198 123 189 119 344 278 345 134 181 132 200 268 341 281 189 121 194 117 362 195 236 224 300 233 
495 129 143 299 124 174 281 344 282 200 115 199 122 345 272 348 133 177 132 181 279 343 283 196 120 195 116 344 134 178 134 180 131 175 128 186 
476 185 122 346 132 176 282 346 286 191 121 190 118 349 278 346 131 179 134 180 280 346 281 191 124 196 115 340 137 182 130 179 129 182 118 190 
477 187 120 348 131 181 280 370 268 225  87 183 115 349 286 341 131 178 133 182 281 341 286 191 122 192 120 342 133 179 140 177 125 182 116 194 
473 188 119 343 136 177 285 340 285 194 118 196 117 341 283 353 128 180 138 178 276 342 289 189 126 190 116 340 135 181 134 178 132 179 119 190 
473 193 116 343 136 178 283 347 276 199 116 191 122 347 278 347 153 158 134 184 276 344 281 195 117 193 120 344 133 188 130 177 127 180 119 193 
477 185 122 341 132 184 279 343 283 194 119 195 117 345 281 352 124 186 149 164 282 339 287 191 119 196 115 342 135 177 137 179 125 184 119 195 
471 188 119 344 174 150 273 343 284 198 116 189 118 347 281 342 135 177 135 178 291 340 281 197 118 190 118 344 132 180 136 176 128 183 118 194 
473 185 121 341 142 175 284 344 280 191 122 192 121 343 308 318 132 179 133 178 286 351 277 192 120 192 120 343 130 182 132 178 131 180 117 200 
467 187 124 342 132 181 280 347 279 195 120 192 117 347 279 346 135 176 136 179 282 349 283 191 119 212 193 271 117 172 133 181 127 179 121 190 
480 182 121 342 136 179 280 346 282 195 118 195 117 343 285 341 136 175 135 181 285 347 278 197 117 197 115 343 132 177 137 179 128 180 120 192 
472 199 113 341 133 180 284 343 281 195 117 194 121 343 279 343 140 176 132 179 284 344 281 195 118 196 123 340 132 176 136 180 129 176 122 192 
475 187 120 344 131 181 285 342 280 194 120 213 105 339 282 343 132 180 134 177 287 342 284 189 122 192 121 349 129 178 133 179 126 181 121 193 
470 192 118 345 128 186 280 345 281 194 120 193 121 342 279 346 132 180 130 181 284 353 276 195 117 192 117 345 144 172 215 129 101 175 117 198 
469 188 119 346 130 177 287 341 286 192 117 193 123 341 284 341 134 178 135 178 287 341 284 190 122 192 121 342 130 181 147 174 123 179 126 188 
469 193 118 342 132 182 280 345 282 196 117 188 123 345 282 341 134 180 132 184 283 342 280 196 121 192 123 340 131 181 130 180 147 168 114 197 
470 189 117 350 128 179 285 384 246 187 119 195 118 342 285 340 134 180 135 177 289 341 281 191 122 192 119 345 130 180 135 177 130 180 147 172 
469 188 119 343 132 180 281 345 298 182 115 196 116 346 279 351 128 179 173 142 282 342 281 195 120 191 120 342 133 182 132 178 131 174 120 195 
481 185 118 342 132 178 286 345 279 200 114 197 116 343 282 341 136 177 138 176 283 345 284 193 116 194 121 341 132 191 128 175 128 178 122 191 
477 190 120 341 138 172 285 342 283 193 118 193 119 345 283 341 135 178 136 178 285 343 281 196 120 191 119 345 130 182 134 176 128 184 113 197 
480 184 118 346 132 184 282 344 276 196 116 195 120 340 285 344 133 177 135 179 284 341 286 191 119 197 116 343 133 179 140 176 128 182 116 190 
475 191 120 343 135 176 283 348 277 198 115 195 117 345 316 315 127 179 134 178 283 344 282 196 119 197 114 345 131 178 137 176 128 182 118 195 
475 186 119 344 133 181 286 345 274 190 126 190 121 343 282 346 133 175 137 175 294 339 281 195 114 208 110 342 132 178 134 178 129 181 118 192 
477 188 119 344 131 181 285 347 277 196 116 193 119 345 287 338 130 183 130 183 282 345 278 197 118 199 115 345 130 181 135 179 125 186 111 198 
474 197 112 341 129 180 288 349 279 195 113 198 115 346 280 341 136 179 133 185 281 340 282 195 119 195 119 343 130 184 128 183 126 178 119 196 
473 190 117 347 130 196 271 343 281 196 119 230  83 341 280 345 132 179 134 181 280 345 281 194 122 189 118 348 129 184 129 180 128 179 125 193 
473 187 117 344 132 179 286 346 279 192 123 193 119 343 282 342 131 180 133 187 278 371 260 189 118 196 119 344 131 188 126 178 128 179 118 196 
475 192 112 348 131 179 350 287 270 198 117 193 120 348 278 339 138 177 135 178 284 347 277 201 114 193 115 348 132 179 135 177 128 178 169 150 
475 185 118 343 133 180 285 343 284 190 120 195 118 349 279 340 131 182 140 176 281 343 282 194 117 197 117 346 129 182 132 181 129 178 118 190 
478 191 118 341 134 182 282 343 287 194 116 193 117 350 279 346 132 175 136 176 283 343 284 196 119 192 118 346 132 180 130 182 126 183 115 190 
479 190 119 342 132 181 283 339 290 190 119 197 116 347 280 348 134 176 128 189 278 342 283 193 119 195 119 347 126 184 133 179 126 180 117 195 
473 192 118 350 126 181 280 346 279 195 120 194 116 346 281 345 133 182 137 175 280 352 274 197 118 194 115 346 131 196 124 174 129 185 111 197 
474 190 116 345 131 182 280 344 282 193 118 195 119 343 284 341 134 180 133 182 286 342 282 191 115 196 120 347 136 173 136 178 127 179 118 194 
474 191 116 347 130 188 276 346 277 195 123 190 119 348 276 343 134 179 138 177 288 344 279 198 115 191 119 346 128 183 133 181 124 181 117 196 
476 184 120 352 127 177 287 342 280 193 119 195 118 346 280 346 135 175 139 172 287 345 285 188 118 192 120 345 130 182 133 178 129 180 114 198 
473 190 119 346 126 182 283 349 278 197 114 194 119 354 274 347 127 181 130 183 281 347 284 195 118 227  86 342 130 190 124 178 128 181 114 197 
475 188 118 342 136 181 281 345 285 190 118 197 117 342 283 344 132 180 132 180 281 347 281 193 122 197 116 342 135 180 130 183 122 182 117 196 
475 197 119 334 131 185 278 344 282 197 120 190 118 344 283 342 133 183 131 182 280 346 280 197 120 191 120 345 133 178 134 178 128 184 111 194 
477 189 115 346 132 183 282 343 282 194 119 192 129 340 280 340 136 176 132 179 285 345 282 190 120 194 122 369 114 179 125 180 125 182 120 194 
474 190 118 342 131 180 282 351 275 196 118 192 121 345 281 342 134 182 133 178 283 384 248 194 117 188 118 351 128 207 114 173 128 178 116 192 
480 188 115 347 132 181 281 350 278 190 122 193 118 344 283 345 229 123 107 171 277 343 283 194 118 196 115 347 134 176 134 206 105 176 117 205 
469 184 120 345 134 176 282 346 281 193 120 194 123 337 284 345 131 181 134 179 282 344 280 207 118 187 119 370 126 187 131 161 121 182 117 190 
477 186 120 348 134 174 282 345 293 188 114 190 121 343 283 343 133 177 135 179 286 342 281 200 111 197 119 344 131 179 134 183 125 180 117 200 
472 185 121 340 131 182 279 347 282 196 117 197 116 345 280 343 131 182 136 186 276 345 281 194 118 190 120 363 119 185 128 174 130 180 117 193 
481 189 112 344 132 182 283 344 282 191 115 196 123 343 282 342 134 176 134 185 280 342 285 191 122 191 120 342 133 236  83 175 126 178 122 192 
475 213  98 343 128 182 281 347 277 201 115 194 117 344 282 344 129 182 141 176 279 346 278 198 119 192 116 348 131 180 133 181 124 184 114 197 
472 193 113 350 130 185 281 342 278 205 122 192 117 338 277 342 137 178 131 185 281 343 278 197 117 195 120 341 138 176 132 183 123 182 118 192 
475 192 117 343 160 157 277 349 278 193 118 194 116 347 279 353 128 181 128 183 279 345 280 198 117 198 113 345 133 183 127 185 125 181 114 195 
476 191 114 353 126 180 288 341 279 196 116 196 117 345 280 344 129 183 133 183 279 345 281 194 117 197 125 338 130 179 133 181 127 191 108 193 
473 192 114 345 135 180 280 340 288 185 130 182 127 333 294 334 144 168 148 167 294 333 294 185 128 182 130 334 149 167 145 168 137 170 127 185 
486 211 101 333 140 170 294 334 302 178 126 185 129 331 294 335 145 169 141 173 296 334 288 191 124 185 127 335 145 167 145 172 138 165 130 183 
488 179 127 340 141 168 291 336 292 195 123 181 134 330 292 332 143 175 142 165 295 333 294 183 128 185 130 334 145 169 142 171 137 171 129 183 
485 181 128 333 143 172 292 336 290 186 128 189 132 329 290 335 143 168 144 173 290 335 301 180 128 183 128 336 141 169 142 173 136 173 128 181 
488 179 130 331 142 170 296 333 299 180 128 188 151 313 292 330 144 170 144 168 292 337 294 182 127 188 127 334 222 102 135 170 137 169 170 149 
483 176 137 323 145 171 293 333 291 189 128 183 128 346 287 331 141 171 144 170 292 334 292 185 126 187 130 331 144 171 146 167 137 180 119 185 
485 181 125 337 144 170 292 334 299 181 127 185 128 334 307 325 138 170 141 174 293 334 289 186 128 184 128 342 139 168 141 175 138 167 128 184 
486 179 128 336 144 168 295 333 292 185 130 184 128 334 295 336 144 169 184 136 288 330 299 177 130 184 132 330 145 171 140 173 135 172 131 178 
488 180 132 330 141 174 292 335 291 188 126 184 128 335 292 335 143 177 140 170 292 332 295 184 129 184 127 335 140 180 139 169 137 168 129 184 
487 177 130 332 144 170 297 330 295 183 128 186 137 324 321 312 139 169 143 178 290 331 293 184 129 186 128 331 147 168 142 172 138 169 128 186 
484 180 127 334 146 175 294 327 293 185 129 185 128 341 288 332 141 171 145 169 295 336 291 183 126 187 128 332 143 174 144 166 140 173 128 178 
494 173 129 333 143 172 291 336 291 186 126 184 131 335 332 300 140 168 144 170 292 361 269 183 128 183 128 337 143 169 144 175 133 170 125 188 
485 180 126 338 140 171 292 335 291 185 131 183 129 333 295 333 141 174 139 173 293 333 319 161 125 202 116 332 142 170 143 169 141 170 127 183 
488 180 128 332 145 168 294 334 291 187 129 183 127 337 292 332 146 170 142 172 294 337 289 210 126 164 124 337 140 172 144 170 135 173 124 186 
488 184 128 329 143 169 295 334 293 182 131 185 129 332 294 334 149 165 142 170 292 337 293 183 127 211 125 315 142 170 142 170 140 169 127 185 
484 181 128 336 143 170 293 332 293 185 125 196 122 332 292 333 145 172 142 169 293 336 293 183 130 182 129 338 142 172 141 167 141 170 131 180 
487 178 129 333 143 178 287 336 291 184 127 187 128 335 293 335 140 171 142 172 294 343 284 187 127 183 128 334 158 160 140 170 136 171 128 185 
492 172 128 336 141 170 295 334 292 185 128 186 129 331 296 332 140 172 144 172 294 332 295 183 128 186 130 332 144 169 146 175 134 207  96 176 
487 179 127 382 123 150 289 330 293 186 128 185 128 334 292 334 145 169 146 167 294 334 293 185 130 182 135 329 143 170 145 169 140 172 125 182 
485 184 124 337 141 170 293 341 290 182 126 186 129 334 292 336 142 169 144 170 299 330 293 182 127 186 127 337 140 172 141 174 138 167 132 184 
486 178 126 337 143 169 293 333 296 184 128 186 123 338 291 340 139 171 152 164 287 339 291 185 129 184 132 328 143 174 141 171 136 173 129 183 
490 177 125 336 140 175 290 335 290 189 134 178 127 336 290 358 131 174 135 177 297 339 289 172 124 184 127 333 211 109 140 171 135 171 130 179 
526 146 127 331 153 162 295 332 291 185 127 187 129 333 293 334 141 172 143 172 294 333 294 184 127 185 127 336 142 172 140 171 138 172 126 184 
493 202 128 309 150 163 292 335 289 187 129 183 129 333 292 335 145 167 146 169 294 334 290 187 129 184 127 336 143 173 150 162 133 173 126 184 
486 182 126 342 137 171 293 332 293 184 128 186 130 334 300 328 142 168 144 172 289 339 290 186 130 189 123 335 142 170 143 172 139 168 126 186 
484 180 129 335 171 145 292 329 295 184 130 184 131 332 292 336 143 171 141 169 300 328 294 186 177 207  99 302 139 165 142 170 137 172 129 181 
485 182 128 334 142 173 297 330 292 184 136 177 129 333 291 335 144 170 144 170 292 336 293 186 128 182 130 332 144 172 140 172 135 174 125 187 
494 172 126 335 142 172 299 335 287 182 130 185 130 331 294 332 145 170 142 171 295 333 293 184 127 187 127 337 142 169 144 167 144 166 125 186 
486 189 124 331 143 172 284 341 298 182 169 145 125 332 294 331 144 170 146 169 294 335 290 188 126 185 126 338 140 174 142 174 134 172 126 183 
486 181 127 334 142 173 291 335 291 191 127 184 127 334 290 337 141 170 144 172 292 352 278 182 129 187 125 335 139 172 145 170 136 172 127 184 
485 180 128 336 139 173 293 333 293 187 127 211 108 329 288 339 142 172 141 171 300 327 292 184 128 187 129 331 143 172 144 167 141 178 125 176 
488 182 128 331 146 168 293 334 290 191 125 185 127 486 159 322 139 169 144 168 293 337 290 188 125 187 127 336 142 170 143 173 135 171 128 185 
484 182 127 334 144 168 293 342 288 183 134 180 131 327 303 329 141 168 146 167 294 335 291 188 123 188 129 332 144 193 133 176 133 170 128 190 
500 164 123 349 137 165 295 344 280 173 125 185 129 334 294 340 137 180 138 165 292 334 294 184 128 184 128 337 141 175 141 169 138 170 129 191 
478 180 130 332 140 175 291 336 289 186 127 184 131 336 290 365 140 145 143 170 292 335 291 187 126 186 129 376 106 173 136 172 135 169 128 184 
487 177 130 333 145 169 294 334 294 182 129 188 127 334 294 331 142 201 127 162 290 333 295 182 133 184 127 335 140 171 141 174 136 171 131 179 
484 183 126 342 141 168 291 334 295 185 128 182 130 333 293 335 143 170 146 188 276 334 290 186 130 181 125 336 144 170 144 170 136 173 126 186 
482 182 128 335 141 172 292 335 292 186 127 187 127 333 307 324 141 170 143 170 314 318 289 184 130 181 129 334 146 167 144 173 137 169 127 186 
486 178 .......

===========================================

638 158 142 321 154 161 298 324 302 177 138 171 139 320 305 322 152 166 150 159 304 323 298 178 176 144 134 170 136 329 147 165 146 184 135 153 
485 175 133 327 150 159 298 328 300 177 135 176 137 326 296 331 149 160 150 159 300 329 299 175 138 176 135 182 131 329 141 166 146 162 133 179 
522 148 127 329 147 162 294 331 296 182 133 179 131 329 291 332 149 165 146 168 294 339 283 185 131 180 129 183 131 330 145 168 138 168 129 180 
510 159 126 330 144 169 294 331 292 182 132 188 126 331 294 327 151 162 144 169 293 331 294 181 130 185 129 181 131 332 140 172 135 170 131 180 
484 212 122 309 140 170 291 333 291 183 128 187 127 334 290 334 142 168 145 169 291 340 283 187 125 186 125 184 129 335 141 173 134 169 128 186 
481 181 124 362 124 170 285 329 314 168 124 186 127 331 292 333 142 173 141 170 291 331 292 183 127 185 129 187 127 328 148 170 135 171 133 180 
485 178 124 332 143 174 293 330 290 185 124 191 125 332 289 337 139 174 142 171 290 331 291 188 123 191 125 183 128 334 142 176 131 171 123 186 
483 183 121 340 134 176 292 337 291 185 121 186 125 337 286 341 136 171 142 173 287 336 290 186 127 186 129 183 126 332 140 172 136 174 124 186 
482 181 123 338 138 173 288 339 290 184 123 189 122 339 285 342 135 176 138 184 290 327 284 361 xxx 153 111 188 123 337 140 171 133 176 123 186 
478 188 120 340 134 178 283 342 301 174 125 187 124 335 286 346 134 170 138 178 284 338 286 188 125 188 122 192 121 383  96 173 134 171 124 187 
479 187 123 337 138 172 288 336 285 192 154 160 123 335 287 339 135 177 137 174 286 338 287 191 124 190 118 192 122 337 140 173 132 175 122 189 
479 185 118 342 136 201 267 332 287 187 120 194 148 313 289 334 139 174 136 177 287 336 288 190 122 190 122 189 123 335 140 174 130 177 125 188 
482 183 118 339 137 176 285 339 285 188 122 190 125 361 265 347 130 174 136 177 285 342 283 187 123 192 120 192 120 339 141 175 131 173 120 193 
473 190 117 343 138 171 286 339 283 191 123 189 124 338 285 344 137 174 136 174 283 339 285 192 122 197 136 176 116 338 136 176 131 178 120 189 
477 190 117 337 136 179 284 339 287 190 120 191 125 335 288 337 165 156 132 173 293 331 287 191 121 189 123 189 120 341 135 177 132 176 119 191 
476 191 123 337 132 176 284 339 286 192 121 192 119 341 283 345 131 179 139 176 281 341 282 193 121 189 118 195 121 339 137 175 131 175 121 191 
479 189 115 344 132 180 281 338 286 191 130 183 121 344 283 338 135 177 135 176 290 335 284 191 122 189 119 195 122 343 132 177 130 178 121 188 
476 188 118 340 137 183 279 338 285 193 119 193 118 343 282 342 135 178 132 179 284 344 286 187 120 191 119 193 116 343 135 179 131 175 119 200 
468 187 120 339 138 176 284 339 284 192 122 189 121 339 286 341 132 177 137 179 282 339 291 188 124 189 117 195 120 338 143 169 130 178 119 233 
441 185 116 341 134 180 281 340 284 192 119 195 122 335 286 341 134 179 134 178 283 340 285 196 117 200 112 189 122 339 136 177 131 179 119 189 
476 186 118 345 134 179 281 341 322 160 115 191 121 340 281 345 136 177 134 178 285 336 284 191 120 196 124 186 119 340 137 178 130 176 120 190 
476 188 118 341 139 174 285 338 286 190 120 193 118 341 284 347 132 178 134 178 288 338 279 193 122 193 116 211 126 321 133 174 131 176 120 190 
477 334 xxx 291 129 177 283 338 286 196 116 192 120 339 286 339 137 178 133 179 285 337 286 189 121 195 120 189 122 348 129 181 127 177 116 191 
476 190 117 341 138 176 281 340 286 192 120 191 121 340 283 341 135 179 131 183 280 341 284 196 119 190 120 193 121 336 138 199 110 177 118 198 
471 186 117 346 132 175 289 340 281 192 119 191 122 339 282 345 133 182 130 181 281 340 283 194 119 193 121 193 118 342 138 174 127 206 100 185 
472 189 119 342 132 180 282 340 282 194 121 194 116 345 280 345 150 225 xxx 221 243 345 273 191 117 193 120 193 120 348 132 175 131 175 118 194 
477 190 115 339 135 180 279 340 283 194 122 190 119 343 283 345 131 177 133 181 279 344 280 196 118 193 120 193 129 333 133 178 129 177 118 195 
480 186 113 344 132 180 281 342 284 196 115 195 118 339 285 341 133 178 135 178 285 339 283 192 121 196 118 188 123 339 134 179 129 181 118 190 
475 215 92  349 132 175 279 343 282 195 117 193 119 344 279 347 133 176 133 182 280 341 284 191 120 195 116 194 117 344 134 179 129 176 119 195 
478 185 116 350 130 175 281 345 279 192 121 192 120 385 245 337 133 180 134 176 284 343 280 193 121 191 123 192 120 340 139 173 128 180 117 191 
474 191 116 343 138 177 283 343 279 194 116 196 120 343 279 342 133 179 132 180 283 341 282 213 103 199 114 189 119 346 127 180 130 177 120 192 
473 191 114 342 135 180 286 342 277 197 116 194 117 346 280 343 132 180 133 178 287 340 282 191 119 192 118 197 117 341 133 181 129 178 116 197 
477 187 113 346 133 179 281 349 275 191 118 195 118 346 284 339 132 181 133 177 283 344 277 195 119 196 114 196 119 347 129 178 128 180 115 196 
472 192 116 343 133 180 281 343 302 179 121 188 117 343 280 339 136 179 160 175 268 337 279 194 118 194 119 191 117 346 133 178 127 181 117 192 
480 196 109 356 118 177 284 341 279 229 117 166 113 346 278 344 132 183 131 179 281 356 272 196 117 192 116 198 117 340 129 183 126 189 110 192 
473 192 113 346 131 179 283 345 279 197 113 223  93 443 197 331 128 178 135 178 282 343 279 196 118 195 116 196 122 342 134 174 128 188 112 193 
469 191 116 343 133 181 280 344 281 195 115 197 117 373 254 344 131 179 131 182 278 348 283 187 119 194 119 191 121 344 133 178 126 179 118 192 
475 191 116 345 132 180 277 356 272 196 118 193 116 347 282 344 129 186 125 180 283 343 279 193 121 192 120 195 118 341 132 180 125 184 115 192 
473 190 116 345 130 182 282 343 282 192 119 193 121 348 275 346 131 220  97 175 281 342 282 194 116 199 115 193 118 347 130 178 128 182 116 191 
474 195 108 348 131 179 281 355 268 197 115 195 118 349 273 350 128 183 134 180 277 347 275 199 116 195 116 195 116 354 124 182 127 175 117 198 
469 196 118 339 133 177 280 347 277 195 119 194 118 344 279 345 130 182 134 181 281 343 280 190 121 192 117 195 122 342 132 177 129 184 111 196 
473 191 114 347 165 150 280 343 276 198 114 198 117 345 278 345 129 183 130 183 305 327 273 196 116 194 120 195 113 346 129 182 125 180 120 190 
473 192 117 341 131 181 282 346 277 200 111 193 119 346 311 315 132 178 131 183 279 373 261 190 112 196 116 192 121 345 129 182 129 175 120 192 
474 190 117 344 133 177 279 347 279 195 117 192 121 346 278 339 135 182 136 177 279 343 281 204 111 195 116 192 121 343 133 179 123 182 116 194 
473 189 117 345 132 179 283 343 281 196 114 196 124 338 280 341 134 179 133 183 280 342 282 193 118 218  98 190 118 343 131 182 127 176 118 195 
474 198 112 337 136 179 281 348 276 199 113 195 116 347 278 343 133 179 133 182 281 341 282 197 117 193 116 223  93 342 130 185 121 180 117 198 
471 190 120 341 129 182 280 344 279 195 118 194 126 339 278 343 130 183 134 179 278 347 276 198 116 195 115 197 118 352 128 178 130 175 116 193 
472 191 117 342 133 181 279 346 281 195 118 194 116 347 278 344 131 182 130 185 276 346 286 191 116 193 117 195 119 344 131 184 121 180 116 196 
470 193 115 342 132 181 282 343 281 196 116 192 118 348 276 345 133 181 131 180 282 342 281 203 112 332 xxx 154 109 344 129 182 138 172 114 198 
470 187 113 346 131 181 282 345 279 195 114 197 117 344 278 346 132 187 124 186 279 341 280 198 114 195 117 195 115 348 131 183 123 184 139 174 
467 195 111 343 132 182 278 338 295 180 128 188 125 333 292 333 143 171 142 171 293 334 291 184 128 184 130 183 128 334 142 172 137 169 128 185 
492 173 129 332 146 165 300 328 294 182 128 184 131 331 294 332 145 171 144 176 288 351 308 167 128 168 127 183 129 333 144 169 138 171 126 184 
497 170 127 332 142 171 292 333 290 188 128 182 130 334 294 332 142 170 143 172 291 334 291 184 130 183 127 185 129 332 157 162 134 168 128 186 
483 178 134 335 140 168 291 333 293 184 128 183 130 332 294 333 143 170 143 169 295 331 293 184 129 187 125 182 131 333 144 168 138 171 128 180 
487 178 129 337 145 210 255 329 290 183 130 182 128 335 293 334 142 169 143 172 296 330 289 184 128 186 128 184 129 331 144 173 137 168 128 184 
485 177 131 332 145 171 293 331 293 183 128 184 130 332 293 340 136 172 141 169 293 332 296 182 126 185 129 184 129 334 143 169 138 172 128 179 
488 177 127 336 144 169 302 329 290 188 122 185 128 333 301 328 141 167 144 171 291 336 290 183 131 182 158 158 126 334 141 172 137 169 128 184 
485 179 125 338 151 162 291 337 293 182 124 187 128 333 292 334 141 174 143 168 291 334 292 184 129 183 130 184 128 335 143 167 139 170 128 188 
482 176 134 332 140 171 292 335 298 181 125 183 129 335 289 337 142 168 145 170 290 336 290 187 126 186 126 185 129 331 149 168 137 167 128 186 
482 180 127 336 144 168 295 334 291 183 134 181 129 337 288 332 141 173 142 169 293 333 291 193 121 184 126 187 129 333 143 169 138 170 127 183 
484 180 128 333 142 173 290 336 291 185 127 185 140 327 288 337 142 166 149 168 290 335 298 181 123 185 128 183 128 336 141 173 137 169 127 184 
482 182 126 335 144 169 293 333 293 184 127 186 126 344 289 352 134 169 151 158 304 333 293 181 112 183 127 185 128 335 141 171 137 172 126 218 
453 177 309 166 132 169 291 344 282 183 129 183 130 334 303 328 140 167 142 174 288 336 289 188 127 185 126 186 128 332 143 173 134 172 126 186 
483 180 133 330 145 165 292 333 301 181 125 184 130 333 290 339 142 171 142 167 291 334 292 185 128 185 128 185 127 337 140 170 137 177 123 182 
483 180 127 334 143 172 291 336 291 184 128 184 129 336 289 335 144 172 144 209 255 329 291 186 126 185 127 192 122 333 142 173 136 170 127 185 
482 180 127 336 143 167 292 335 291 187 128 183 126 336 292 334 142 173 142 174 292 332 295 180 128 184 126 187 127 336 181 136 134 170 127 183 
483 180 128 333 143 172 291 336 291 184 125 187 127 336 290 336 141 172 147 169 293 335 288 186 125 185 127 186 128 335 139 176 136 169 126 188 
477 185 124 338 141 171 298 344 270 205 106 206 113 347 273 349 128 187 127 185 274 352 279 197 109 202 110 199 113 350 128 183 123 187 107 197 
471 193 115 347 128 182 277 358 269 197 113 201 112 349 276 352 126 180 131 184 276 351 300 176 112 195 115 195 117 348 125 187 124 180 114 196 
471 196 118 341 126 183 281 346 277 199 113 195 115 350 276 344 129 184 129 187 274 350 275 201 138 174 115 237  89 332 128 183 129 176 114 198 
470 191 114 346 131 183 275 352 278 196 114 198 112 349 276 346 131 182 130 185 276 346 279 195 116 198 115 206 108 346 128 181 124 185 114 195 
470 194 112 354 126 179 280 350 274 196 114 198 115 351 274 347 131 180 129 186 276 347 283 194 113 197 113 199 114 355 126 180 126 178 115 197 
469 194 114 346 131 181 277 348 277 197 117 194 116 355 273 343 129 190 125 182 276 353 272 196 117 196 115 197 117 374 130 157 121 181 116 195 
471 191 115 345 133 185 275 345 280 194 116 198 123 337 282 342 132 182 130 181 281 346 321 159 111 197 115 195 111 349 129 183 128 186 115 190 
468 199 108 345 132 183 283 345 276 197 114 196 115 348 277 348 126 184 129 186 276 346 278 198 115 197 116 197 112 345 131 184 125 181 118 199 
470 198 104 347 129 181 280 343 281 193 117 199 114 348 296 332 126 184 131 180 278 343 280 199 112 196 118 197 114 346 134 178 132 178 113 196 
474 193 109 346 129 186 275 346 279 203 114 193 116 344 280 345 130 182 130 184 277 345 279 196 118 196 116 203 107 345 131 183 123 182 118 194 
475 194 111 343 131 182 279 344 279 198 116 193 117 344 280 344 132 184 129 180 287 346 274 196 117 194 116 197 114 344 132 184 122 183 113 199 
469 191 118 347 127 184 275 344 282 196 113 203 111 344 281 347 133 180 131 179 279 343 280 199 113 201 111 200 114 346 131 181 138 174 111 194 
471 193 112 351 130 183 275 346 277 197 116 203 107 347 278 345 134 180 130 185 275 350 276 194 116 196 119 195 116 343 133 183 125 178 116 196 
470 193 117 345 132 182 286 343 275 195 118 194 115 343 279 347 128 185 128 185 275 348 278 199 117 194 112 201 116 341 132 184 122 186 113 196 
471 198 107 346 129 184 306 321 278 194 117 199 114 341 281 348 127 194 122 179 282 341 282 195 116 197 118 193 118 343 131 182 129 178 117 193 
470 199 110 344 130 184 276 374 254 197 113 196 115 347 277 347 132 179 147 179 270 342 279 195 115 198 122 191 113 356 124 181 125 181 114 197 
471 191 112 351 129 183 277 345 277 208 109 193 118 342 280 345 131 184 131 180 279 349 275 196 115 198 115 196 116 346 132 179 126 180 115 197 
470 198 108 352 129 179 279 344 282 198 113 221  95 341 279 352 125 184 127 184 277 345 281 197 114 197 117 195 116 342 133 183 124 183 114 196 
470 192 119 341 130 182 280 344 279 200 116 200 109 353 277 345 128 181 130 182 279 344 279 200 114 195 114 200 116 341 131 182 125 186 113 197 
469 192 114 352 126 181 284 338 282 194 117 196 115 346 286 341 129 184 129 181 276 347 279 199 125 191 111 195 115 346 133 180 123 185 115 194 
475 191 111 345 134 182 275 349 277 196 116 196 116 346 280 348 131 179 130 182 280 343 279 197 115 196 116 197 116 341 134 187 120 184 114 196 
476 188 114 343 130 184 279 343 279 198 118 195 113 345 280 345 132 188 126 179 282 341 281 198 117 198 188 140 103 339 130 180 127 183 114 197 
470 190 115 344 130 183 280 345 280 193 117 205 113 342 279 345 126 185 153 162 288 334 280 195 115 200 112 199 114 347 130 180 126 182 116 193 
470 195 110 350 128 184 278 345 280 198 112 196 116 346 279 347 136 175 131 185 281 476 252 100 106 195 114 197 117 343 130 184 123 182 116 198 
467 192 116 351 125 183 285 335 281 196 116 196 116 343 279 351 128 182 132 179 280 349 278 193 119 192 119 194 117 343 132 181 125 233 xxx 192 
469 198 110 359 119 182 279 341 282 194 114 199 115 343 280 345 132 179 143 176 280 340 306 171 116 196 115 195 117 341 142 174 126 179 122 188 
473 195 113 345 128 186 276 379 248 195 112 201 115 344 279 345 130 181 131 183 279 347 277 223  93 202 110 196 111 345 135 178 127 179 116 198 
468 195 111 350 129 180 278 345 279 197 117 198 111 346 280 348 129 186 162 150 282 336 282 193 119 196 120 195 116 342 132 181 126 181 113 195 
469 195 113 348 130 183 276 343 283 194 115 197 118 343 279 357 122 180 130 183 278 343 284 195 114 199 114 197 117 350 127 179 124 181 116 197 
472 191 114 348 126 184 280 342 279 >





