======================================================================================
Parameters:
short: 90
long: 210
start:500

System: Raspi53:


header:         0
pulse time:     500
pulse_long:     0
footer:         0,      0
p_length:       4095
binary_length:  0
stop_ints:      1

Timing code: <
397 570 510 344 250 258 212 116 104 306 182 128 264 351 238 234 126 409 205 479 139 346 165 329 254 635 237 398 345 274 211 270 129 747 251 206 178 557 245 210 586 296 331 210 415 132 193 339 164 440 442 265 148 212 302 105 193 117 141 298 122 166 225 217 197 273 266 159 120 108 144 249 168 213 236 101 156 085 184 087 249 158 176 255 384 255 321 349 129 086 147 233 232 235 269 160 193 196 116 139 256 262 142 170 254 153 119 096 667 262 211 300 108 148 102 136 178 258 145 390 243 318 236 182 128 190 523 288 179 241 121 117 205 169 175 170 134 091 122 224 137 148 102 123 387 180 168 127 132 169 187 125 146 363 248 238 095 255 086 375 127 323 205 106 283 183 175 267 209 280 360 204 276 253 129 212 640 164 209 142 225 119 337 168 165 315 205 102 436 264 272 128 270 233 429 485 478 102 477 174 185 128 166 224 139 165 573 162 123 371 215 346 307 146 336 142 279 172 200 208 081 215 188 208 252 246 212 226 569 224 127 491 136 131 132 088 242 198 264 276 210 117 254 138 229 388 669 163 222 155 375 125 151 186 1059 381 146 252 160 189 285 273 225 673 124 240 185 169 146 117 452 164 144 326 082 129 243 155 185 181 425 239 138 361 083 171 081 163 359 120 173 135 086 123 284 186 168 145 138 140 115 209 102 156 080 129 340 157 233 192 365 208 318 103 115 232 310 275 249 095 200 117 231 167 139 163 145 255 296 115 114 825 142 260 251 268 139 162 482 344 347 264 282 153 131 143 097 278 165 223 287 257 086 196 317 162 204 080 335 104 198 118 205 142 338 170 191 242 177 097 135 171 257 309 142 229 083 588 127 347 205 199 081 238 234 213 163 472 161 613 206 193 499 273 221 188 284 122 214 325 434 155 113 465 325 170 209 137 093 260 209 228 139 149 204 129 115 210 314 257 136 139 427 179 562 265 141 106 596 186 241 245 204 120 184 297 222 245 369 302 294 110 344 238 113 082 114 109 143 091 107 164 195 318 302 288 130 236 146 242 170 307 284 205 257 116 173 161 190 188 361 325 275 214 268 138 248 252 315 131 085 238 174 124 120 118 121 117 273 081 250 114 562 170 253 277 183 112 163 123 207 265 203 147 151 225 139 242 321 305 138 183 201 160 447 195 344 243 329 193 167 098 244 092 375 165 146 347 223 233 188 186 118 087 225 413 197 166 191 191 089 218 135 273 306 200 177 233 311 401 138 352 134 225 204 227 230 246 232 104 133 118 210 201 188 144 081 142 148 168 133 332 210 170 130 115 228 146 231 150 145 323 198 286 181 172 159 108 162 150 157 218 155 135 196 187 135 110 189 105 128 238 121 146 229 124 199 098 265 259 264 119 217 252 270 114 217 272 090 137 243 238 206 176 174 177 083 322 093 221 293 218 205 239 195 283 212 111 162 235 149 148 129 160 114 118 114 224 095 179 081 198 406 209 151 213 088 277 464 254 255 514 229 174 168 266 107 184 158 114 439 324 175 156 431 141 162 164 293 271 163 303 170 124 264 093 177 090 334 103 167 240 515 263 197 111 216 146 214 268 309 233 172 210 134 202 412 165 192 226 302 268 158 255 102 248 316 162 227 271 121 270 415 140 205 211 175 135 256 189 153 150 170 357 307 381 380 088 119 205 133 399 721 125 138 245 228 334 145 304 108 196 123 182 131 286 152 102 382 204 162 240 176 176 977 186 252 263 139 114 215 184 264 248 139 230 250 317 137 089 260 098 123 113 190 162 400 129 317 095 214 271 387 145 155 361 328 136 125 254 981 199 220 151 209 096 118 151 236 094 195 284 134 159 214 136 119 140 095 177 345 258 181 336 089 118 303 457 151 132 256 157 152 374 194 200 167 210 117 247 080 319 138 317 299 240 512 248 173 311 143 209 492 525 321 130 178 210 232 308 254 166 532 232 243 143 128 144 123 165 122 213 248 236 559 105 249 168 204 329 260 216 130 275 315 204 080 135 113 137 149 139 091 284 094 172 168 198 181 204 129 097 204 118 107 132 199 579 542 229 324 099 227 089 215 087 184 099 127 410 194 145 178 142 242 097 191 192 224 162 294 110 113 172 350 195 114 157 221 105 181 241 345 242 177 162 268 116 184 146 218 190 390 197 255 190 228 148 132 168 219 124 118 347 110 181 120 304 189 194 248 275 169 107 198 119 168 089 121 164 120 296 141 129 138 179 194 303 218 271 198 114 393 160 254 186 281 133 390 140 177 322 152 174 192 462 250 223 192 192 197 205 470 340 146 472 116 283 216 300 126 513 118 446 145 223 224 315 114 230 286 242 345 189 210 166 175 125 342 448 220 200 325 182 172 150 254 446 106 119 270 183 115 244 166 147 120 116 254 211 308 101 151 158 1132 152 175 233 330 211 160 352 213 550 330 258 460 162 272 355 441 209 141 148 341 134 145 175 820 216 282 228 199 115 583 229 320 369 089 138 156 130 196 130 307 153 416 158 536 193 204 100 272 233 283 219 454 136 240 353 242 360 119 222 150 142 157 209 170 343 150 093 108 133 333 259 192 158 195 311 107 202 264 156 157 408 113 798 339 142 211 145 247 120 159 146 272 145 240 174 151 080 123 239 169 228 179 228 174 230 166 160 080 113 283 116 287 116 281 119 282 119 284 115 281 267 138 261 142 109 273 278 142 109 287 114 282 117 290 271 134 108 285 112 289 260 140 264 139 105 671 110 289 110 287 112 289 112 290 108 294 108 293 105 294 107 289 113 292 104 307 100 289 108 289 258 145 256 152 097 295 256 146 105 290 116 298 103 293 254 144 103 293 108 294 257 144 254 147 103 672 112 286 105 297 104 297 105 295 102 300 105 293 106 292 108 292 107 299 100 300 106 294 119 289 245 149 252 150 098 301 247 158 096 294 122 282 102 304 247 152 101 295 100 298 252 150 250 154 095 680 101 296 101 297 104 299 099 302 098 305 124 287 088 297 099 305 097 303 100 297 101 300 099 297 251 159 240 157 095 306 243 159 128 273 093 308 091 305 246 158 095 300 097 308 239 162 241 156 093 690 094 298 094 308 093 310 092 311 089 306 096 304 094 305 095 310 090 311 093 304 095 305 905 305 248 156 241 160 091 306 251 155 087 308 091 315 086 311 265 136 093 307 086 316 235 165 237 160 091 687 089 314 083 314 093 312 082 314 091 311 088 307 091 309 090 317 081 317 090 310 088 312 089 313 234 166 263 143 122 279 231 161 088 313 088 324 320 230 166 086 309 090 313 237 164 237 161 089 691 083 313 090 317 080 339 328 312 082 318 081 319 082 334 318 084 312 085 318 083 318 231 168 243 166 313 230 171 081 322 319 082 319 230 167 085 316 084 321 229 169 233 172 687 086 315 085 326 319 
080 320 106 315 316 
082 319 082 318 081 318 082 316 085 315 085 319 237 167 228 174 315 233 166 084 320 082 317 317 234 167 083 319 083 329 222 172 235 163 084 690 080 317 083 321 319 081 325 318 319 084 320 321 318 084 318 081 317 
082 334 219 170 228 168 083 316 235 174 321 320 321 234 164 081 322 321 228 174 230 167 084 693 323 323 322 322 
082 317 321 324 322 321 084 330 334 319 226 173 231 168 080 319 232 169 325 327 322 230 168 080 322 080 323 226 173 228 166 086 694 084 318 321 322 081 334 317 081 318 324 323 082 318 081 331 318 323 227 171 231 170 
081 321 226 179 327 326 080 318 230 171 080 322 328 225 172 253 160 692 323 321 323 080 319 080 320 323 080 320 321 334 319 325 325 229 171 226 172 322 228 174 325 350 317 226 174 325 082 318 229 172 223 170 082 697 324 323 327 318 083 320 324 325 337 318 320 326 358 196 172 223 173 324 227 175 329 324 082 321 227 173 325 327 226 173 228 170 697 324 323 328 318 323 355 330 325 318 326 325 326 223 177 224 171 325 226 178 324 332 321 227 171 330 322 227 172 227 173 731 322 326 324 080 319 324 339 325 326 088 316 325 327 323 227 175 223 176 324 225 175 326 324 323 224 207 323 327 224 175 224 179 700 324 325 322 080 319 341 324 326 321 080 323 329 329 324 226 173 226 182 081 317 220 181 328 321 322 227 178 328 326 223 176 225 174 080 702 327 326 324 338 332 325 325 328 097 300 327 327 325 227 174 224 178 327 222 178 325 323 325 226 178 325 323 225 175 223 176 705 326 350 320 320 330 329 326 322 326 328 323 325 224 177 223 178 328 222 179 326 326 325 223 181 333 348 206 174 221 176 704 333 356 320 322 328 325 327 323 325 329 329 325 223 176 225 177 327 222 208 296 322 328 222 180 331 329 225 175 228 178 705 390 316 320 326 329 329 320 321 329 361 325 328 225 176 223 180 327 223 177 324 323 331 219 179 327 329 219 175 224 179 768 322 326 324 357 329 326 321 326 325 327 330 323 231 169 223 179 330 224 177 324 327 326 220 179 331 323 222 180 224 203 717 324 323 080 320 329 328 325 324 324 330 326 327 324 225 175 226 176 325 226 173 326 328 082 329 214 180 328 321 223 180 222 240 699 327 321 329 332 328 326 322 327 337 329 324 323 229 178 220 176 329 220 178 325 326 327 221 178 325 323 222 220 185 183 704 329 325 327 326 330 323 102 306 326 327 327 325 324 222 180 221 182 323 222 176 324 328 326 224 177 323 
080 322 231 175 218 177 703 101 308 322 329 332 333 325 321 332 329 329 323 323 226 180 222 175 327 223 176 326 327 326 225 176 100 306 102 298 215 180 222 180 704 324 327 327 329 329 324 325 329 328 325 
080 329 327 224 178 222 177 337 217 175 327 332 328 222 176 119 287 326 223 181 219 176 702 325 
081 320 327 329 324 
080 321 326 326 336 327 323 321 227 178 222 180 325 224 176 337 331 329 232 173 322 325 223 180 220 175 701 
080 322 323 338 326 321 325 334 327 326 325 322 322 228 178 223 175 320 227 177 323 327 335 219 172 323 325 234 174 220 173 703 322 326 324 326 321 081 320 327 326 326 323 319 329 224 177 227 173 323 223 176 336 335 324 224 174 325 324 225 176 226 172 695 324 324 324 321 321 318 
081 324 326 326 318 
080 332 323 225 175 228 171 321 225 181 339 327 331 220 173 323 327 225 177 223 170 
081 699 322 328 326 323 
080 329 322 326 323 325 087 314 320 326 225 175 227 171 322 235 168 323 326 327 226 173 325 330 222 176 224 172 711 321 328 326 325 
081 320 323 327 329 328 320 323 329 222 176 225 173 
080 335 222 169 328 326 337 214 176 326 326 226 174 224 170 
081 698 328 330 326 322 321 330 328 324 323 324 325 329 246 179 227 150 320 225 176 328 323 321 226 174 335 325 227 176 224 170 
081 697 324 326 326 323 320 326 357 322 322 325 324 322 271 133 220 173 322 226 178 324 324 322 225 174 326 325 230 172 225 172 699 356 328 323 325 325 326 327 324 320 325 326 341 215 172 224 174 326 227 176 326 319 
081 320 225 174 363 334 225 172 225 171 700 327 326 324 
080 320 322 327 323 329 317 321 339 323 223 174 226 174 330 225 175 326 324 
080 320 228 172 324 323 231 171 234 165 695 
080 325 325 325 320 322 327 326 319 084 324 091 322 325 326 227 170 237 162 324 226 177 324 322 320 228 175 323 322 229 167 229 170 698 081 325 326 345 084 304 322 329 322 323 083 329 318 
080 323 325 228 171 224 175 321 230 173 327 324 
080 319 229 179 326 325 224 197 205 172 703 328 325 321 
080 321 322 325 325 338 316 334 324 322 226 172 226 175 323 227 176 356 326 321 223 176 325 324 227 173 226 172 
080 697 
082 321 322 324 
080 319 
080 322 325 360 312 
080 320 325 355 326 222 172 222 175 321 230 183 325 324 322 226 175 324 328 224 172 226 174 703 324 327 325 
080 319 325 
080 394 332 323 320 328 325 327 224 175 224 173 
080 319 228 178 328 321 
081 317 228 177 325 330 223 173 223 172 
080 709 325 326 321 322 391 321 325 324 
081 320 327 325 324 231 169 223 178 325 224 176 328 321 320 233 176 328 326 223 176 224 173 704 327 324 328 364 332 327 327 320 322 326 327 326 226 174 232 170 332 218 178 325 328 326 221 179 329 325 225 177 224 

174 704             326 341 425     279 121 289 119 269 125 268 167 238 122 273 127 271 126 276 131 270 274 125 278 124 127 314 257 124 119 272 121 266 127 281 272 120 126 277 127 278 269 125 274 124 

129 647 125 277 158 247 167 233 125 273 126 271 128 276 125 273 128 271 129 270 129 273 124 278 128 275 274 123 276 124 125 274 280 124 125 273 130 269 128 270 282 124 125 274 159 244 275 121 278 120 

128 648 129 273 193 222 126 262 126 270 130 274 127 272 129 270 130 270 128 271 128 275 128 270 131 268 276 126 277 123 127 277 310 093 124 271 130 275 124 271 280 122 125 274 128 272 277 124 274 122 

128 652 184 224 121 271 130 269 129 271 129 273 129 271 130 269 127 274 134 267 127 280 124 270 130 269 278 122 277 124 128 276 276 119 131 271 127 273 128 272 280 123 127 273 126 272 279 121 277 127 

122 660 124 268 127 272 129 271 129 278 122 275 126 272 129 270 129 270 129 272 125 277 129 270 129 271 278 123 275 124 134 269 277 122 129 272 128 270 129 274 280 121 126 271 128 272 279 124 310 091 

181 600 127 268 129 272 128 269 129 271 138 265 128 272 130 267 130 272 131 272 125 275 127 271 131 268 281 121 277 122 128 276 275 122 129 271 128 279 124 271 280 129 123 270 129 269 277 124 294 105 

134 645 128 272 129 270 130 272 125 274 129 272 130 269 131 269 130 271 128 271 129 273 130 277 126 273 277 119 280 122 126 270 279 122 132 269 130 271 126 275 278 124 127 270 129 270 291 113 278 119 

128 648 127 277 124 271 127 274 129 273 128 269 134 273 126 271 125 272 130 273 130 270 129 269 127 274 277 123 283 120 128 270 278 123 133 267 128 276 124 274 278 121 132 269 128 280 274 119 279 121 

127 664 117 269 127 272 128 272 128 272 129 275 127 270 129 275 129 268 129 274 129 267 133 269 129 271 278 121 283 122 125 273 279 120 130 271 128 271 129 274 301 112 119 275 123 278 269 122 281 118 

130 646 132 271 127 271 129 268 130 276 131 268 133 267 127 274 128 271 127 275 129 270 129 275 126 271 278 128 305 117 111 262 276 124 129 270 129 274 127 272 294 110 128 267 130 270 284 119 279 121 

129 645 133 266 130 271 128 275 135 264 131 269 130 269 132 268 130 299 113 261 129 271 130 269 128 272 279 125 278 122 126 271 278 124 126 272 127 276 129 280 273 119 127 273 128 272 280 121 278 119 

132 645 129 272 127 277 118 280  130 268 131 268 131 270 128 273 127 276 128 276 127 266 131 271 129 273 278 121 279 121 130 269 280 120 132 268 128 285 123 265 279 122 128 273 128 274 285 115 277 120 

138 638 130 270 131 270 126 274 131 268 133 268 128 271 130 270 128 275 132 266 129 273 129 270 129 272 282 123 274 123 130 269 285 120 135 273 124 268 130 266 279 122 129 271 128 270 282 125 277 117 

134 642 131 271 127 283 123 271 131 266 132 268 136 266 129 270 131 270 130 269 135 269 140 260 127 273 279 121 278 118 132 268 336 125       273     126 273 129 270 276 124 134 266 127 273 280 122 276 123 

129 646 132 269 127 274 129 270 134 273 157 241 125 271 129 274 127 272 131 269 131 267 129 277 125 273 278 123 273 126 129 278 275 120 128 269 131 270 133 266 278 123 129 271 127 276 278 121 278 124 

153 622 128 269 135 268 129 271 129 270 128 272 131 267 130 273 130 271 132 268 129 271 128 271 130 273 278 120 280 129 126 267 279 121 128 280 125 290 140 242 277 121 129 269 129 275 276 123 276 122

128 648 130 271 129 273 129 268 132 269 131 269 130 270 129 273 137 264 131 269 127 272 130 271 127 296 267 120 273 119 127 271 282 119 126 277 128 269 134 268 276 125 126 272 126 276 278 128 274 119 

129 648 128 272 131 270 130 271 130 269 130 269 131 297 139 240 130 265 131 269 131 267 132 272 131 279 274 122 273 124 126 270 284 119 129 272 131 268 130 267 278 124 129 274 132 265 282 119 278 121 

129 649 133 273 128 268 130 269 134 265 131 271 128 273 131 267 131 270 129 270 131 271 129 306 090 286 270 123 274 124 126 271 283 123 126 270 132 269 129 277 275 120 168 238 128 267 278 122 278 120 

131 646 128 276 127 271 131 269 129 271 128 271 129 273 130 270 129 270 129 272 136 307 085 277 129 267 277 124 278 121 136 271 278 121 128 268 132 270 126 273 278 121 128 273 129 271 277 121 281 121 

127 656 120 275 130 268 132 270 129 268 128 274 126 276 130 268 131 270 142 308 277 129 272 128 270 279 122 276 124 127 279 275 123 127 270 130 268 129 271 281 120 131 271 131 267 278 124 278 120 

131 648 127 273 130 270 159 247 126 269 127 275 136 263 130 269 131 311 082 281 127 270 129 270 133 268 278 124 277 121 129 273 279 123 127 271 130 270 127 270 284 122 129 269 137 265 284 117 279 117 

130 651 127 271 132 268 129 272 126 273 129 274 127 272 132 268 133 271 125 272 129 270 132 267 139 261 280 121 279 123 127 274 279 118 159 246 127 272 124 274 281 124 128 268 129 272 276 124 278 120 

129 651 129 267 135 273 124 271 128 271 130 271 131 269 152 253 127 270 128 270 130 272 158 249 129 265 278 120 278 124 128 275 278 120 131 270 135 266 129 272 279 121 129 270 131 269 278 123 280 117 

133 646 131 267 133 268 129 271 131 269 152 255 159 239 130 268 136 266 126 274 128 270 133 266 133 269 278 121 283 121 126 274 277 122 131 268 130 270 131 273 279 122 127 269 132 269 279 123 286 114 

157 623 128 267 132 267 128 272 127 276 169 233 130 270 156 245 127 269 129 273 130 270 132 266 131 268 283 119 290 113 129 269 280 120 130 271 129 271 131 277 276 119 129 269 129 271 281 122 282 117 

130 647 131 265 130 272 132 270 184 222 127 270 132 265 131 269 130 270 126 278 128 270 131 269 127 274 308 096 279 118 129 270 281 118 130 272 129 270 128 279 275 120 130 270 131 270 283 118 278 120 

134 643 131 267 134 269 180 226 127 269 130 270 131 267 131 276 127 272 128 271 134 264 131 269 129 271 279 122 280 123 126 270 278 123 128

=========================================================================================================

